/home/zyf/git_clone/yolo3-pytorch/VOCdevkit/VOC2007/JPEGImages/20200718_151442.jpg 1193,920,2218,1970,0 1859,1733,2422,2283,0 730,1853,1434,2553,0 1526,2183,2609,3333,0 793,2703,1534,3478,0
/home/zyf/git_clone/yolo3-pytorch/VOCdevkit/VOC2007/JPEGImages/20200718_151457.jpg 1190,575,2063,1423,0 2020,805,2660,1429,0 1587,1417,2075,1881,0 2050,1399,2432,1778,0 1620,1875,2350,2572,0
/home/zyf/git_clone/yolo3-pytorch/VOCdevkit/VOC2007/JPEGImages/20200718_151500.jpg 1926,390,3090,1411,0 2647,796,3635,1693,0 1993,1220,2654,1881,0 2469,1384,3044,1960,0 1675,1672,2732,2799,0
/home/zyf/git_clone/yolo3-pytorch/VOCdevkit/VOC2007/JPEGImages/20200718_151621.jpg 1730,1345,2313,1995,0 784,1983,1226,2437,0 1347,2074,1988,2770,0 2051,2541,2518,3008,0 818,2745,1172,3095,0
/home/zyf/git_clone/yolo3-pytorch/VOCdevkit/VOC2007/JPEGImages/20200718_151637.jpg 1044,1011,1741,1726,0 1799,1308,2308,1863,0 666,2090,1601,3024,0 1605,2311,1990,2748,0 1969,2357,2250,2708,0
/home/zyf/git_clone/yolo3-pytorch/VOCdevkit/VOC2007/JPEGImages/20200718_151543.jpg 238,872,1547,1935,0 1538,823,2626,1726,0 2235,754,2826,1208,0 2160,1054,3817,2748,0 1129,1663,2111,2669,0
/home/zyf/git_clone/yolo3-pytorch/VOCdevkit/VOC2007/JPEGImages/20200718_151349.jpg 787,902,1820,1945,0 1396,499,2457,1596,0 2020,893,2860,1805,0 1854,1405,2305,1929,0 2093,1657,2872,2469,0
/home/zyf/git_clone/yolo3-pytorch/VOCdevkit/VOC2007/JPEGImages/20200718_151439.jpg 897,866,1934,1841,0 1731,1404,2360,1979,0 343,1720,1376,2762,0 1526,1878,2955,3162,0 680,2853,1709,3928,0
/home/zyf/git_clone/yolo3-pytorch/VOCdevkit/VOC2007/JPEGImages/20200718_151510.jpg 1199,805,2187,1754,0 1969,608,2587,1232,0 2123,884,3278,2011,0 1826,1549,2259,1955,0 1657,1935,2314,2614,0
/home/zyf/git_clone/yolo3-pytorch/VOCdevkit/VOC2007/JPEGImages/20200718_151654.jpg 613,1349,1351,2091,0 1526,1799,2084,2383,0 338,2074,668,2420,0 713,2116,1093,2495,0 1113,2220,1663,2803,0
/home/zyf/git_clone/yolo3-pytorch/VOCdevkit/VOC2007/JPEGImages/20200718_151323.jpg 359,858,1609,2049,0 1213,1745,2026,2578,0 538,1853,1226,2562,0 1913,1637,2563,2316,0 905,2816,1468,3433,0
/home/zyf/git_clone/yolo3-pytorch/VOCdevkit/VOC2007/JPEGImages/20200718_151632.jpg 251,1495,1084,2274,0 1488,1633,2126,2316,0 509,2299,997,2716,0 543,2678,913,3058,0 1497,2362,2055,3003,0
/home/zyf/git_clone/yolo3-pytorch/VOCdevkit/VOC2007/JPEGImages/20200718_151420.jpg 201,1528,1397,2649,0 1126,1174,2001,1920,0 1343,1745,1759,2253,0 1280,2028,2234,2991,0 1009,2720,1726,3416,0
/home/zyf/git_clone/yolo3-pytorch/VOCdevkit/VOC2007/JPEGImages/20200718_151644.jpg 1817,732,2441,1390,0 2293,1163,2932,1796,0 1338,1532,2178,2411,0 2232,1826,2644,2245,0 2199,2266,2587,2687,0
/home/zyf/git_clone/yolo3-pytorch/VOCdevkit/VOC2007/JPEGImages/20200718_151701.jpg 701,1833,1109,2224,0 980,1512,1443,1966,0 847,2020,1505,2662,0 1601,1441,2530,2366,0 1605,2383,2230,2991,0
/home/zyf/git_clone/yolo3-pytorch/VOCdevkit/VOC2007/JPEGImages/20200718_151429.jpg 284,1003,1380,2091,0 1284,308,2163,1224,0 1630,1574,2618,2483,0 729,2066,1225,2624,0 826,2291,1976,3416,0
/home/zyf/git_clone/yolo3-pytorch/VOCdevkit/VOC2007/JPEGImages/20200718_151539.jpg 1155,912,2209,2008,0 684,1445,1138,1899,0 788,1658,1551,2428,0 1559,2028,2143,2637,0 826,2408,1626,3220,0
/home/zyf/git_clone/yolo3-pytorch/VOCdevkit/VOC2007/JPEGImages/20200718_151258.jpg 805,581,1754,1357,0 1714,596,2587,1345,0 2041,1293,2872,2057,0 754,1320,1363,1887,0 1478,1814,2002,2372,0
/home/zyf/git_clone/yolo3-pytorch/VOCdevkit/VOC2007/JPEGImages/20200718_151332.jpg 235,817,1320,1899,0 1114,826,2450,2166,0 2499,320,3114,960,0 2187,1314,3087,2199,0 1435,1851,2947,2954,0
/home/zyf/git_clone/yolo3-pytorch/VOCdevkit/VOC2007/JPEGImages/20200718_151706.jpg 668,466,1509,1333,0 1668,899,2434,1708,0 2126,1433,2597,1891,0 1743,1712,2259,2220,0 501,1337,1547,2345,0
/home/zyf/git_clone/yolo3-pytorch/VOCdevkit/VOC2007/JPEGImages/20200718_151647.jpg 1446,1,2347,929,0 2057,705,2850,1539,0 690,1114,1944,2357,0 1899,1560,2450,2105,0 1857,2111,2317,2629,0
/home/zyf/git_clone/yolo3-pytorch/VOCdevkit/VOC2007/JPEGImages/20200718_151614.jpg 530,962,1251,1737,0 1509,1470,2447,2420,0 2497,1062,2947,1528,0 2459,1866,3018,2520,0 909,2566,1872,3508,0
/home/zyf/git_clone/yolo3-pytorch/VOCdevkit/VOC2007/JPEGImages/20200718_151415.jpg 1309,1320,2076,2058,0 609,1733,1622,2737,0 1543,2049,1893,2433,0 1505,2262,2230,2983,0 1343,2837,1813,3316,0
/home/zyf/git_clone/yolo3-pytorch/VOCdevkit/VOC2007/JPEGImages/20200718_151326.jpg 826,1074,1297,1558,0 1468,1241,2088,1787,0 1643,1316,2984,2549,0 768,1545,1847,2587,0 301,2245,1334,3320,0
/home/zyf/git_clone/yolo3-pytorch/VOCdevkit/VOC2007/JPEGImages/20200718_151330.jpg 372,729,1363,1463,0 1123,732,2250,1557,0 2229,508,2693,948,0 1232,1105,2908,2748,0 2184,1048,2835,1663,0
/home/zyf/git_clone/yolo3-pytorch/VOCdevkit/VOC2007/JPEGImages/20200718_151353.jpg 1168,1128,2118,1991,0 1480,1703,2522,2587,0 1130,1878,1618,2299,0 1197,2033,2130,2991,0 488,2012,1318,2853,0
/home/zyf/git_clone/yolo3-pytorch/VOCdevkit/VOC2007/JPEGImages/20200718_151407.jpg 497,1108,1547,2141,0 1426,878,2268,1724,0 1459,1799,1901,2203,0 1401,2020,2226,2824,0 726,2524,1397,3191,0
/home/zyf/git_clone/yolo3-pytorch/VOCdevkit/VOC2007/JPEGImages/20200718_151541.jpg 1205,958,1943,1670,0 701,1424,1318,2003,0 1309,1608,2143,2295,0 1809,2045,2334,2549,0 609,1937,1838,3258,0
/home/zyf/git_clone/yolo3-pytorch/VOCdevkit/VOC2007/JPEGImages/20200718_151651.jpg 588,1153,1559,2028,0 1922,1541,2747,2287,0 1605,2041,2409,2903,0 238,1966,830,2545,0 872,1978,1543,2591,0
/home/zyf/git_clone/yolo3-pytorch/VOCdevkit/VOC2007/JPEGImages/20200718_151357.jpg 805,695,1763,1828,0 1218,1274,2359,2445,0 905,1853,1343,2295,0 1126,1941,1918,2812,0 522,2145,1201,2862,0
/home/zyf/git_clone/yolo3-pytorch/VOCdevkit/VOC2007/JPEGImages/20200718_151630.jpg 380,1337,1093,2049,0 1480,1474,2043,2087,0 597,2095,1013,2441,0 630,2424,980,2728,0 1451,2148,1913,2678,0
/home/zyf/git_clone/yolo3-pytorch/VOCdevkit/VOC2007/JPEGImages/20200718_151705.jpg 834,995,1630,1658,0 1718,1320,2559,2053,0 2176,1762,2776,2349,0 238,1495,1468,2695,0 1651,2045,2330,2658,0
/home/zyf/git_clone/yolo3-pytorch/VOCdevkit/VOC2007/JPEGImages/20200718_151301.jpg 993,995,1630,1566,0 1618,891,2776,1787,0 405,1583,951,2120,0 622,2087,1626,3099,0 1680,1741,2980,2887,0
/home/zyf/git_clone/yolo3-pytorch/VOCdevkit/VOC2007/JPEGImages/20200718_151351.jpg 957,987,1884,1851,0 1605,754,2384,1560,0 2044,954,2826,1729,0 1905,1360,2266,1875,0 2102,1554,2820,2302,0
/home/zyf/git_clone/yolo3-pytorch/VOCdevkit/VOC2007/JPEGImages/20200718_151418.jpg 1138,387,2409,1641,0 218,1183,1530,2712,0 1397,1570,2063,2228,0 1384,1916,2718,3237,0 1147,2916,1968,3808,0
/home/zyf/git_clone/yolo3-pytorch/VOCdevkit/VOC2007/JPEGImages/20200718_151255.jpg 1123,566,2126,1439,0 920,1305,2269,2575,0 2266,1675,3026,2411,0 2150,442,2963,1145,0 2805,1035,3429,1578,0
/home/zyf/git_clone/yolo3-pytorch/VOCdevkit/VOC2007/JPEGImages/20200718_151610.jpg 1468,758,2238,1591,0 205,1566,868,2178,0 963,1687,1872,2587,0 1968,2262,2547,2866,0 301,2574,788,3058,0
/home/zyf/git_clone/yolo3-pytorch/VOCdevkit/VOC2007/JPEGImages/20200718_151703.jpg 818,1245,1455,1849,0 1618,1137,2859,2416,0 451,1641,980,2178,0 638,1912,1501,2799,0 1643,2387,2488,3216,0
/home/zyf/git_clone/yolo3-pytorch/VOCdevkit/VOC2007/JPEGImages/20200718_151437.jpg 676,983,1755,1970,0 809,1845,1330,2408,0 855,2133,2209,3424,0 1905,1458,2772,2303,0 1793,674,2551,1408,0
/home/zyf/git_clone/yolo3-pytorch/VOCdevkit/VOC2007/JPEGImages/20200718_151617.jpg 1430,1124,2055,1708,0 922,1620,1876,2366,0 2030,2195,2697,2858,0 230,1549,838,2049,0 205,2328,726,2828,0
